0,Andre,123,12,as,as,as,123,as,12,as,as,as,12
